nlambda = 100
run	|	0.2		0.3		0.4		0.5		0.6		0.7		0.8
------------------------------------------------------------
1		0.6273	0.6288	0.6194 	0.6256	0.6164	0.5913	0.5813
2		0.5373	0.5378	0.5422	0.5336 	0.5380	0.5396	0.5457
3		0.5796	0.5845	0.5836	0.5719	0.5777	0.5622	0.5687
4		0.5689	0.5582	0.5747	0.5623	0.5681	0.5619	0.5486
5		0.5375	0.5448	0.5461	0.5524	0.5687	0.5682	0.5689
6		0.4943	0.5040	0.495	0.4958	0.4883	0.4908	0.5002
7		0.5364	0.5503	0.5544	0.5565	0.5492	0.5506	0.5423
8		0.5939	0.5871	0.5929	0.5909	0.5871	0.5780	0.5798		
9		0.5920	0.6044	0.6025	0.5863	0.5756	0.5777	0.5749
10		0.5797	0.5893	0.5904	0.5933	0.5928	0.5767	0.5839
11		0.5721	0.5683	0.5610	0.5518	0.5519	0.5309	0.5377
12		0.5678	0.5724	0.5652	0.5794	0.5841	0.5838	0.5824
13		0.5878	0.5994	0.5848	0.5946	0.5504	0.5727	0.5541
14		0.5901	0.5913	0.6000	0.5637	0.5944	0.5561	0.5960
15		0.5965	0.5994	0.6500	0.6216	0.6198	0.6443	0.6467
16		0.5480	0.5505	0.5514	0.5468	0.5399	0.5353	0.5271
17		0.5424	0.5562	0.5750	0.5685	0.5603	0.5323	0.5549
18		0.5250	0.5180	0.5263	0.5483	0.5133	0.5507	0.5408
19		0.5668	0.5636	0.5600	0.5542	0.5503	0.5415	0.5338
20		0.5273	0.5421	0.5437	0.5076	0.5363	0.5350	0.5191
21		0.5775	0.5811	0.5845	0.5844	0.5828	0.5836	0.5820
22		0.5179	0.5127	0.5166	0.5095	0.5046	0.5126	0.5034
23		0.6116	0.6133	0.5767	0.5458	0.5898	0.5717	0.5345
24		0.5493	0.5620	0.5519	0.5673	0.5519	0.5516	0.5219
25		0.5266	0.5209	0.5166	0.5170	0.5022	0.5029	0.4920
26		0.5981	0.5940	0.5931	0.6011	0.5646	0.5944	0.5698
27		0.5457	0.5522	0.5358	0.5613	0.5540	0.5550	0.5516
28		0.4707	0.4701	0.4645	0.4880	0.4922	0.4898	0.4983
29		0.6355	0.6383	0.6365	0.6358	0.6338	0.6299	0.6304
30		0.5316	0.5841	0.5808	0.6028	0.5982	0.5858	0.5039
31		0.6025	0.5964	0.5946	0.6033	0.6042	0.5979	0.5902
32		0.5369	0.5312	0.5383	0.5335	0.5076	0.5166	0.5171
33		0.5532	0.5632	0.5592	0.5512	0.5581	0.5481	0.5493
34		0.5240	0.5166	0.5319	0.5215	0.5223	0.5312	0.5269
35		0.5361	0.5529	0.5333	0.5758	0.5293	0.5724	0.5369
36		0.5084	0.5131	0.5127	0.5111	0.5106	0.5100	0.5029
37		0.6116	0.6195	0.6227	0.6256	0.6269	0.6251	0.6190
38		0.6302	0.6331	0.6325	0.6266	0.6225	0.6196	0.6153
39		0.5878	0.5843	0.5823	0.5835	0.5721	0.5746	0.5638
40		0.5976	0.5889	0.5798	0.5936	0.6031	0.5989	0.5898
41		0.5778	0.5686	0.5576	0.5477	0.5393	0.5208	0.5125
42		0.6213	0.6192	0.6151	0.5943	0.5950	0.5806	0.5613
43		0.5338	0.5321	0.5232	0.5284	0.5204	0.4893	0.4926
44		0.6077	0.5916	0.6115	0.6109	0.6088	0.5905	0.5817
45		0.5325	0.5323	0.5323	0.5292	0.5138	0.5098	0.5051
46		0.4883	0.5048	0.4861	0.5020	0.5148	0.5140	0.4952
47		0.5723	0.5838	0.5997	0.5987	0.5989	0.5919	0.5700
48		0.5932	0.5990	0.5946	0.6035	0.5987	0.5972	0.5974
49		0.5382	0.5384	0.5479	0.5363	0.5338	0.5318	0.5087
50		0.5131	0.5817	0.5111	0.5326	0.5475	0.5614	0.5222
---------------------------------------------------------------
Mean	0.5620	0.5665	0.5648	0.5645	0.5612	0.5587	0.5506